0.935876

0.387943
0.362672
0.368335
0.348217
0.455656
0.370343
0.407965
0.397037
0.369469
0.465367

[1, 0.84806144, 0.8423422, 0.84532505, 0.83489716, 0.84461367, 0.83220005, 0.85079432, 0.85538381, 0.83820504;
  0.84806144, 1, 0.83401406, 0.87462646, 0.82555926, 0.85139298, 0.83271378, 0.84075332, 0.85989422, 0.83791596;
  0.8423422, 0.83401406, 1, 0.83634496, 0.81949854, 0.82843804, 0.84629029, 0.84439051, 0.84396917, 0.82080227;
  0.84532505, 0.87462646, 0.83634496, 1, 0.82723719, 0.85546637, 0.83044404, 0.8450678, 0.86500645, 0.83159226;
  0.83489716, 0.82555926, 0.81949854, 0.82723719, 1, 0.83391285, 0.81889743, 0.82621354, 0.83203411, 0.82427222;
  0.84461367, 0.85139298, 0.82843804, 0.85546637, 0.83391285, 1, 0.8196792, 0.84251767, 0.85533285, 0.8244921;
  0.83220005, 0.83271378, 0.84629029, 0.83044404, 0.81889743, 0.8196792, 1, 0.82533687, 0.83175564, 0.81892353;
  0.85079432, 0.84075332, 0.84439051, 0.8450678, 0.82621354, 0.84251767, 0.82533687, 1, 0.8544603, 0.83461708;
  0.85538381, 0.85989422, 0.84396917, 0.86500645, 0.83203411, 0.85533285, 0.83175564, 0.8544603, 1, 0.83848423;
  0.83820504, 0.83791596, 0.82080227, 0.83159226, 0.82427222, 0.8244921, 0.81892353, 0.83461708, 0.83848423, 1]
