{
  "name": "grid-20k-1",
  "error": 0.184957,
  "n_samples": 13329,
  "criterion": "gini",
  "correlationMatrix": [
    [1,  0.17805152, 0.17206705, 0.15319149, 0.15906681, 0.18098159, 0.1338826, 0.17845118, 0.15454546, 0.15673982, 0.15262172, 0.1793313, 0.15068494, 0.16186693, 0.18209876, 0.17891374, 0.18201998, 0.14109348, 0.17352057, 0.1744186, 0.16913319, 0.17362638, 0.14344685, 0.19467214, 0.1554054, 0.1295938, 0.1724537, 0.1691974, 0.14314315, 0.15119617],
    [0.17805152, 1, 0.19855596, 0.15031983, 0.16612378, 0.18081588, 0.17142858, 0.18586089, 0.15644172, 0.16820276, 0.15023923, 0.18901099, 0.1427175, 0.14946237, 0.16966292, 0.1548975, 0.17159763, 0.13214286, 0.15692307, 0.16474654, 0.17809735, 0.19626169, 0.1554054, 0.15464994, 0.16361555, 0.15137181, 0.18641976, 0.17750826, 0.15638767, 0.13705584],
    [0.17206705, 0.19855596, 1, 0.17435321, 0.16252822, 0.16838488, 0.15649278, 0.17122473, 0.16145833, 0.14928649, 0.14593536, 0.19474836, 0.1402439, 0.16040955, 0.16114791, 0.16703057, 0.18349753, 0.15023474, 0.14923747, 0.16592428, 0.17723005, 0.17793594, 0.15483871, 0.13965885, 0.14573991, 0.15014437, 0.20204604, 0.17708333, 0.16424581, 0.15235174],
    [0.15319149, 0.15031983, 0.17435321, 1, 0.13771839, 0.1637122, 0.1496945, 0.1649245, 0.14188533, 0.13664596, 0.14285715, 0.14750762, 0.13060428, 0.15779468, 0.14314722, 0.16296296, 0.14571746, 0.125, 0.1594912, 0.15115005, 0.15608181, 0.15923567, 0.14139344, 0.14131501, 0.14811032, 0.13910505, 0.15555556, 0.151357, 0.13168724, 0.15157117],
    [0.15906681, 0.16612378, 0.16252822, 0.13771839, 1, 0.14604463, 0.15711252, 0.171123, 0.14742269, 0.14208242, 0.15241636, 0.15346038, 0.14822134, 0.14445575, 0.17549668, 0.17257144, 0.15943728, 0.14811569, 0.1594509, 0.1427027, 0.1673913, 0.16956522, 0.15311509, 0.16463415, 0.14806867, 0.13721804, 0.17912218, 0.14427313, 0.14103924, 0.15000001],
    [0.18098159, 0.18081588, 0.16838488, 0.1637122, 0.14604463, 1, 0.15794872, 0.16997792, 0.17134269, 0.15187165, 0.15039062, 0.1574973, 0.13686314, 0.15369059, 0.13733906, 0.17891374, 0.16666667, 0.15832575, 0.16803278, 0.17660044, 0.16157205, 0.14895947, 0.14105263, 0.14516129, 0.15648445, 0.15240905, 0.17925592, 0.15767196, 0.15500538, 0.15009381],
    [0.1338826, 0.17142858, 0.15649278, 0.1496945, 0.15711252, 0.15794872, 1, 0.14914162, 0.16584887, 0.12736319, 0.12314815, 0.14818548, 0.14708602, 0.13649851, 0.14933059, 0.14539748, 0.15181518, 0.1277533, 0.15666327, 0.14864865, 0.15090543, 0.15088449, 0.1529175, 0.13492064, 0.14075631, 0.12557288, 0.16488223, 0.15773197, 0.14529058, 0.14936954],
    [0.17845118, 0.18586089, 0.17122473, 0.1649245, 0.171123, 0.16997792, 0.14914162, 1, 0.16295546, 0.1557465, 0.13992172, 0.15913978, 0.15518914, 0.14917128, 0.15151516, 0.16705337, 0.17844728, 0.14298561, 0.15794979, 0.1715847, 0.14479166, 0.15357143, 0.17521368, 0.16378434, 0.18018018, 0.13935231, 0.16024844, 0.16609783, 0.17666303, 0.14744233],
    [0.15454546, 0.15644172, 0.16145833, 0.14188533, 0.14742269, 0.17134269, 0.16584887, 0.16295546, 1, 0.157741, 0.1261023, 0.14785215, 0.16018957, 0.1373896, 0.13333334, 0.14769231, 0.17025863, 0.14486392, 0.15430862, 0.16422288, 0.14705883, 0.14583333, 0.14328063, 0.15804598, 0.15884116, 0.15074496, 0.18367347, 0.14228855, 0.1425762, 0.15107913],
    [0.15673982, 0.16820276, 0.14928649, 0.13664596, 0.14208242, 0.15187165, 0.12736319, 0.1557465, 0.157741, 1, 0.12956205, 0.15789473, 0.13333334, 0.14117648, 0.16158536, 0.16492693, 0.13797036, 0.14311759, 0.15407555, 0.14745587, 0.13926701, 0.15505618, 0.14876847, 0.12704523, 0.14669421, 0.14129443, 0.1627907, 0.14194237, 0.15208748, 0.12801485],
    [0.15262172, 0.15023923, 0.14593536, 0.14285715, 0.15241636, 0.15039062, 0.12314815, 0.13992172, 0.1261023, 0.12956205, 1, 0.1637044, 0.14383562, 0.13844797, 0.15725046, 0.14367816, 0.13662791, 0.1176, 0.13920705, 0.13741876, 0.15924171, 0.12190651, 0.14565827, 0.13660714, 0.14943609, 0.14504504, 0.14372469, 0.16155234, 0.14552239, 0.12966253],
    [0.1793313, 0.18901099, 0.19474836, 0.14750762, 0.15346038, 0.1574973, 0.14818548, 0.15913978, 0.14785215, 0.15789473, 0.1637044, 1, 0.15223597, 0.16849452, 0.16264428, 0.16320166, 0.16331096, 0.14762741, 0.171, 0.16205128, 0.16041666, 0.16384777, 0.1506986, 0.16431452, 0.15426695, 0.16011237, 0.15325248, 0.17208815, 0.14990138, 0.1433724],
    [0.15068494, 0.1427175, 0.1402439, 0.13060428, 0.14822134, 0.13686314, 0.14708602, 0.15518914, 0.16018957, 0.13333334, 0.14383562, 0.15223597, 1, 0.12648946, 0.1529175, 0.14053537, 0.1532995, 0.14051723, 0.12732342, 0.13476562, 0.14492753, 0.14143427, 0.14821763, 0.1549681, 0.12795275, 0.15060242, 0.16229838, 0.13614103, 0.15645617, 0.14272809],
    [0.16186693, 0.14946237, 0.16040955, 0.15779468, 0.14445575, 0.15369059, 0.13649851, 0.14917128, 0.1373896, 0.14117648, 0.13844797, 0.16849452, 0.12648946, 1, 0.1507782, 0.14228855, 0.14406779, 0.13292789, 0.16551724, 0.13207547, 0.16343208, 0.14495799, 0.1435743, 0.14796905, 0.13821989, 0.13906679, 0.1477516, 0.1771255, 0.15384616, 0.15333334],
    [0.18209876, 0.16966292, 0.16114791, 0.14314722, 0.17549668, 0.13733906, 0.14933059, 0.15151516, 0.13333334, 0.16158536, 0.15725046, 0.16264428, 0.1529175, 0.1507782, 1, 0.16630435, 0.16240267, 0.13171577, 0.13851993, 0.14394766, 0.1448203, 0.15938865, 0.1544634, 0.16269842, 0.13900863, 0.14356436, 0.15402299, 0.14135021, 0.14117648, 0.15275142],
    [0.17891374, 0.1548975, 0.16703057, 0.16296296, 0.17257144, 0.17891374, 0.14539748, 0.16705337, 0.14769231, 0.16492693, 0.14367816, 0.16320166, 0.14053537, 0.14228855, 0.16630435, 1, 0.16803761, 0.13575865, 0.16267465, 0.16554055, 0.16765755, 0.16281755, 0.15686275, 0.14897959, 0.14604236, 0.13858424, 0.15168539, 0.15888889, 0.15376458, 0.13181368],
    [0.18201998, 0.17159763, 0.18349753, 0.14571746, 0.15943728, 0.16666667, 0.15181518, 0.17844728, 0.17025863, 0.13797036, 0.13662791, 0.16331096, 0.1532995, 0.14406779, 0.16240267, 0.16803761, 1, 0.12990654, 0.17179215, 0.16686532, 0.19691578, 0.15530726, 0.15384616, 0.14122534, 0.14726028, 0.13854167, 0.17063493, 0.16744186, 0.17155756, 0.13737373],
    [0.14109348, 0.13214286, 0.15023474, 0.125, 0.14811569, 0.15832575, 0.1277533, 0.14298561, 0.14486392, 0.14311759, 0.1176, 0.14762741, 0.14051723, 0.13292789, 0.13171577, 0.13575865, 0.12990654, 1, 0.14236999, 0.12785389, 0.12632509, 0.15279049, 0.15056571, 0.12209302, 0.12832265, 0.12541254, 0.12522852, 0.11451758, 0.12400354, 0.13865547],
    [0.17352057, 0.15692307, 0.14923747, 0.1594912, 0.1594509, 0.16803278, 0.15666327, 0.15794979, 0.15430862, 0.15407555, 0.13920705, 0.171, 0.12732342, 0.16551724, 0.13851993, 0.16267465, 0.17179215, 0.14236999, 1, 0.14611399, 0.17497349, 0.12732919, 0.15933529, 0.15487571, 0.14090431, 0.12701252, 0.15934066, 0.15462869, 0.15836653, 0.15075825],
    [0.1744186, 0.16474654, 0.16592428, 0.15115005, 0.1427027, 0.17660044, 0.14864865, 0.1715847, 0.16422288, 0.14745587, 0.13741876, 0.16205128, 0.13476562, 0.13207547, 0.14394766, 0.16554055, 0.16686532, 0.12785389, 0.14611399, 1, 0.14394766, 0.16046759, 0.16086066, 0.15833333, 0.15543479, 0.13782696, 0.15887851, 0.16901408, 0.14984709, 0.14424951],
    [0.16913319, 0.17809735, 0.17723005, 0.15608181, 0.1673913, 0.16157205, 0.15090543, 0.14479166, 0.14705883, 0.13926701, 0.15924171, 0.16041666, 0.14492753, 0.16343208, 0.1448203, 0.16765755, 0.19691578, 0.12632509, 0.17497349, 0.14394766, 1, 0.14445689, 0.15477388, 0.13659023, 0.12798265, 0.13359149, 0.17204301, 0.15477498, 0.1431579, 0.14353612],
    [0.17362638, 0.19626169, 0.17793594, 0.15923567, 0.16956522, 0.14895947, 0.15088449, 0.15357143, 0.14583333, 0.15505618, 0.12190651, 0.16384777, 0.14143427, 0.14495799, 0.15938865, 0.16281755, 0.15530726, 0.15279049, 0.12732919, 0.16046759, 0.14445689, 1, 0.14151925, 0.14541623, 0.14881623, 0.13229571, 0.16062802, 0.18579236, 0.12513256, 0.15897939],
    [0.14344685, 0.1554054, 0.15483871, 0.14139344, 0.15311509, 0.14105263, 0.1529175, 0.17521368, 0.14328063, 0.14876847, 0.14565827, 0.1506986, 0.14821763, 0.1435743, 0.1544634, 0.15686275, 0.15384616, 0.15056571, 0.15933529, 0.16086066, 0.15477388, 0.14151925, 1, 0.15033947, 0.16158536, 0.14170404, 0.16514806, 0.14516129, 0.1631579, 0.12969925],
    [0.19467214, 0.15464994, 0.13965885, 0.14131501, 0.16463415, 0.14516129, 0.13492064, 0.16378434, 0.15804598, 0.12704523, 0.13660714, 0.16431452, 0.1549681, 0.14796905, 0.16269842, 0.14897959, 0.14122534, 0.12209302, 0.15487571, 0.15833333, 0.13659023, 0.14541623, 0.15033947, 1, 0.14084508, 0.14245014, 0.16507937, 0.14243324, 0.14384921, 0.15746607],
    [0.1554054, 0.16361555, 0.14573991, 0.14811032, 0.14806867, 0.15648445, 0.14075631, 0.18018018, 0.15884116, 0.14669421, 0.14943609, 0.15426695, 0.12795275, 0.13821989, 0.13900863, 0.14604236, 0.14726028, 0.12832265, 0.14090431, 0.15543479, 0.12798265, 0.14881623, 0.16158536, 0.14084508, 1, 0.13500482, 0.15096481, 0.14898178, 0.15224192, 0.11674641],
    [0.1295938, 0.15137181, 0.15014437, 0.13910505, 0.13721804, 0.15240905, 0.12557288, 0.13935231, 0.15074496, 0.14129443, 0.14504504, 0.16011237, 0.15060242, 0.13906679, 0.14356436, 0.13858424, 0.13854167, 0.12541254, 0.12701252, 0.13782696, 0.13359149, 0.13229571, 0.14170404, 0.14245014, 0.13500482, 1, 0.12863071, 0.13754646, 0.13834727, 0.14398596],
    [0.1724537, 0.18641976, 0.20204604, 0.15555556, 0.17912218, 0.17925592, 0.16488223, 0.16024844, 0.18367347, 0.1627907, 0.14372469, 0.15325248, 0.16229838, 0.1477516, 0.15402299, 0.15168539, 0.17063493, 0.12522852, 0.15934066, 0.15887851, 0.17204301, 0.16062802, 0.16514806, 0.16507937, 0.15096481, 0.12863071, 1, 0.17266187, 0.15256125, 0.16491596],
    [0.1691974, 0.17750826, 0.17708333, 0.151357, 0.14427313, 0.15767196, 0.15773197, 0.16609783, 0.14228855, 0.14194237, 0.16155234, 0.17208815, 0.13614103, 0.1771255, 0.14135021, 0.15888889, 0.16744186, 0.11451758, 0.15462869, 0.16901408, 0.15477498, 0.18579236, 0.14516129, 0.14243324, 0.14898178, 0.13754646, 0.17266187, 1, 0.15811966, 0.15876089],
    [0.14314315, 0.15638767, 0.16424581, 0.13168724, 0.14103924, 0.15500538, 0.14529058, 0.17666303, 0.1425762, 0.15208748, 0.14552239, 0.14990138, 0.15645617, 0.15384616, 0.14117648, 0.15376458, 0.17155756, 0.12400354, 0.15836653, 0.14984709, 0.1431579, 0.12513256, 0.1631579, 0.14384921, 0.15224192, 0.13834727, 0.15256125, 0.15811966, 1, 0.15056819],
    [0.15119617, 0.13705584, 0.15235174, 0.15157117, 0.15000001, 0.15009381, 0.14936954, 0.14744233, 0.15107913, 0.12801485, 0.12966253, 0.1433724, 0.14272809, 0.15333334, 0.15275142, 0.13181368, 0.13737373, 0.13865547, 0.15075825, 0.14424951, 0.14353612, 0.15897939, 0.12969925, 0.15746607, 0.11674641, 0.14398596, 0.16491596, 0.15876089, 0.15056819, 1 ]
 ],
  "classes": [
    {
      "name": "city",
      "color": "rgb(0,0,255)"
    },
    {
      "name": "streets",
      "color": "rgb(255,0,0)"
    },
    {
      "name": "forest",
      "color": "rgb(0,128,0)"
    },
    {
      "name": "field",
      "color": "rgb(0,255,255)"
    },
    {
      "name": "shrubland",
      "color": "rgb(0,255,0)"
    }
 ],
  "trees": [
    {
      "error": 0.278413,
      "data": "./tree-0.csv"
    },
    {
      "error": 0.246076,
      "data": "./tree-1.csv"
    },
    {
      "error": 0.242503,
      "data": "./tree-2.csv"
    },
    {
      "error": 0.279814,
      "data": "./tree-3.csv"
    },
    {
      "error": 0.274576,
      "data": "./tree-4.csv"
    },
    {
      "error": 0.266515,
      "data": "./tree-5.csv"
    },
    {
      "error": 0.286332,
      "data": "./tree-6.csv"
    },
    {
      "error": 0.245467,
      "data": "./tree-7.csv"
    },
    {
      "error": 0.288598,
      "data": "./tree-8.csv"
    },
    {
      "error": 0.279531,
      "data": "./tree-9.csv"
    },
    {
      "error": 0.343419,
      "data": "./tree-10.csv"
    },
    {
      "error": 0.294946,
      "data": "./tree-11.csv"
    },
    {
      "error": 0.318998,
      "data": "./tree-12.csv"
    },
    {
      "error": 0.306166,
      "data": "./tree-13.csv"
    },
    {
      "error": 0.278065,
      "data": "./tree-14.csv"
    },
    {
      "error": 0.262489,
      "data": "./tree-15.csv"
    },
    {
      "error": 0.223923,
      "data": "./tree-16.csv"
    },
    {
      "error": 0.366736,
      "data": "./tree-17.csv"
    },
    {
      "error": 0.290691,
      "data": "./tree-18.csv"
    },
    {
      "error": 0.263309,
      "data": "./tree-19.csv"
    },
    {
      "error": 0.271418,
      "data": "./tree-20.csv"
    },
    {
      "error": 0.266707,
      "data": "./tree-21.csv"
    },
    {
      "error": 0.284835,
      "data": "./tree-22.csv"
    },
    {
      "error": 0.301746,
      "data": "./tree-23.csv"
    },
    {
      "error": 0.264054,
      "data": "./tree-24.csv"
    },
    {
      "error": 0.328736,
      "data": "./tree-25.csv"
    },
    {
      "error": 0.236438,
      "data": "./tree-26.csv"
    },
    {
      "error": 0.263466,
      "data": "./tree-27.csv"
    },
    {
      "error": 0.278044,
      "data": "./tree-28.csv"
    },
    {
      "error": 0.319976,
      "data": "./tree-29.csv"
    }
  ]
}